  AA MM DD HH      Hm0   Tm02   Tp   DirM      Hm0_V  DirM_V Hm0_F1 Tm02_F1 DirM_F1 Hm0_F2 Tm02_F2 DirM_F2   VelV   DirV

2016 01 01 00      2.0   8.2   14.1 275.0    -99.9  -99.9      2.0    8.8 275.0     -99.9  -99.9  -99.9       3.7  192.0
2016 01 01 01      2.0   8.3   13.9 275.0    -99.9  -99.9      2.0    8.9 275.0     -99.9  -99.9  -99.9       5.0  204.0
2016 01 01 02      2.0   8.1   13.8 275.0    -99.9  -99.9      2.0    8.8 275.0     -99.9  -99.9  -99.9       5.7  218.0
2016 01 01 03      2.0   7.7   13.7 274.0    -99.9  -99.9      2.0    8.5 274.0     -99.9  -99.9  -99.9       6.3  227.0
2016 01 01 04      2.0   7.4   13.7 274.0      0.4  224.0      1.9    9.6 276.0     -99.9  -99.9  -99.9       6.1  238.0
2016 01 01 05      1.9   7.2   13.6 273.0    -99.9  -99.9      1.9    8.0 273.0     -99.9  -99.9  -99.9       5.5  244.0
2016 01 01 06      1.9   7.1   13.6 273.0    -99.9  -99.9      1.9    8.0 273.0     -99.9  -99.9  -99.9       5.2  204.0
2016 01 01 13      1.9   6.0   13.3 270.0      0.9  242.0      1.6   10.4 277.0     -99.9  -99.9  -99.9       8.4  216.0
2016 01 01 14      1.9   5.7   13.3 268.0      1.0  240.0      1.6   10.3 277.0     -99.9  -99.9  -99.9       8.3  221.0
2016 01 01 15      2.0   5.5   13.3 267.0      1.1  244.0      1.6   10.6 278.0     -99.9  -99.9  -99.9       8.3  225.0
2016 01 01 16      2.0   5.4   13.3 267.0      1.3  247.0      1.5   10.7 279.0     -99.9  -99.9  -99.9       8.1  224.0
2016 01 01 17      2.0   5.4   13.3 267.0      1.4  251.0      1.5   10.9 278.0     -99.9  -99.9  -99.9       7.6  219.0
2016 01 01 18      2.1   5.5   13.3 267.0      1.5  255.0      1.4   11.3 279.0     -99.9  -99.9  -99.9       6.8  221.0
2016 01 01 19      2.1   5.6   13.3 268.0      1.7  260.0      1.2   12.4 280.0     -99.9  -99.9  -99.9       8.9  224.0
2016 01 01 20      2.2   5.6   13.2 267.0      1.8  260.0      1.2   12.3 280.0     -99.9  -99.9  -99.9       9.4  227.0
2016 01 01 21      2.2   5.6   13.2 266.0      1.9  261.0      1.1   12.9 281.0     -99.9  -99.9  -99.9       9.1  227.0
2016 01 01 22      2.3   5.6   13.2 266.0      2.0  261.0      1.1   12.9 282.0     -99.9  -99.9  -99.9       9.7  235.0
2016 01 01 23      2.4   5.6    8.9 266.0      2.1  261.0      1.1   12.9 282.0     -99.9  -99.9  -99.9       9.4  242.0
2016 01 03 00      1.8   9.0   14.1 276.0    -99.9  -99.9      1.8    9.3 276.0       0.1    3.6  157.0       1.5  145.0
2016 01 03 01      1.8   8.8   13.9 276.0    -99.9  -99.9      1.8    9.2 276.0       0.1    3.5  155.0       1.1  210.0
2016 01 03 02      1.8   8.6   13.8 275.0    -99.9  -99.9      1.8    8.9 276.0       0.1    3.5  151.0       3.1  264.0
2016 01 03 03      1.8   8.2   13.7 274.0    -99.9  -99.9      1.8    8.5 274.0     -99.9  -99.9  -99.9       2.7  269.0
2016 01 03 04      1.7   7.8   13.7 273.0    -99.9  -99.9      1.7    8.2 273.0     -99.9  -99.9  -99.9       2.0  264.0
2016 01 03 05      1.7   7.5   13.6 273.0    -99.9  -99.9      1.7    8.0 273.0     -99.9  -99.9  -99.9       3.2  236.0
2016 01 03 06      1.7   7.3   13.5 272.0    -99.9  -99.9      1.6    8.6 274.0       0.3    3.7  183.0       3.0  151.0
2016 01 03 07      1.7   7.2   13.5 271.0    -99.9  -99.9      1.6    8.9 276.0       0.4    3.7  182.0       4.5  161.0
2016 01 03 08      1.6   6.9   13.4 271.0      0.4  180.0      1.6    8.9 276.0       0.3    4.5  208.0       5.0  172.0
2016 01 03 09      1.6   6.5   13.4 270.0    -99.9  -99.9      1.6    8.2 274.0       0.4    3.6  178.0       8.2  247.0
2016 01 03 10      1.7   5.8   13.4 267.0      0.6  202.0      1.5    8.1 274.0     -99.9  -99.9  -99.9       8.2  255.0
2016 01 03 11      1.7   5.4   13.3 264.0      0.9  228.0      1.4    9.8 277.0     -99.9  -99.9  -99.9       8.5  277.0
2016 01 03 12      1.8   5.2   13.3 263.0    -99.9  -99.9      1.7    6.5 270.0       0.6    3.9  195.0       6.6  253.0
2016 01 03 13      1.9   5.2   13.2 261.0      1.0  219.0      1.5    7.2 277.0     -99.9  -99.9  -99.9       7.0  253.0
2016 01 03 14      1.9   5.3   13.2 258.0      1.3  235.0      1.3   10.1 278.0       0.2    6.9  248.0       7.5  235.0
2016 01 03 15      1.9   5.3   13.1 256.0      1.4  235.0      1.3   10.3 279.0     -99.9  -99.9  -99.9       8.6  232.0
2016 01 03 16      2.0   5.2   13.0 254.0      1.5  235.0      1.2   10.2 278.0     -99.9  -99.9  -99.9       9.6  240.0
2016 01 03 17      2.1   5.1   12.9 253.0      1.6  238.0      1.2   10.5 279.0     -99.9  -99.9  -99.9       9.9  238.0
2016 01 03 18      2.1   5.1    6.5 253.0      1.8  242.0      1.1   11.0 280.0     -99.9  -99.9  -99.9       9.2  242.0
2016 01 03 19      2.2   5.1    6.6 254.0      1.9  246.0      1.0   11.4 280.0     -99.9  -99.9  -99.9      10.1  253.0
2016 01 03 20      2.2   5.1    6.7 256.0      1.9  249.0      1.0   11.3 280.0     -99.9  -99.9  -99.9       9.9  248.0
2016 01 03 21      2.2   5.1    6.8 257.0      1.9  247.0      0.9   11.9 281.0       0.7    8.3  281.0      10.7  251.0
2016 01 03 22      2.3   5.2    6.9 258.0      2.1  254.0      0.9   11.9 281.0     -99.9  -99.9  -99.9      10.2  256.0
2016 01 03 23      2.3   5.2    7.0 260.0      2.0  251.0      0.8   11.8 281.0       0.8    8.2  284.0       9.7  255.0
2016 01 04 00      2.3   5.3    7.2 261.0      2.1  258.0      0.7   12.5 282.0     -99.9  -99.9  -99.9       8.6  244.0
2016 01 04 01      2.2   5.3    7.4 261.0      2.1  258.0      0.7   12.5 282.0     -99.9  -99.9  -99.9      10.8  251.0
2016 01 04 02      2.3   5.3    7.4 260.0      2.2  258.0      0.7   12.5 282.0     -99.9  -99.9  -99.9      10.5  252.0
2016 01 04 03      2.4   5.3    7.5 261.0      2.2  258.0      0.7   12.5 282.0     -99.9  -99.9  -99.9      10.7  251.0
2016 01 04 04      2.5   5.4    7.5 261.0      2.3  258.0      0.8   12.5 283.0     -99.9  -99.9  -99.9      10.8  251.0
2016 01 04 05      2.5   5.4    7.5 261.0      2.3  259.0      0.8   12.5 283.0     -99.9  -99.9  -99.9      10.5  252.0
2016 01 04 06      2.5   5.4    7.6 261.0      2.4  260.0      0.6   13.4 285.0     -99.9  -99.9  -99.9       8.9  241.0
2016 01 04 07      2.4   5.5    7.8 261.0      2.3  259.0      0.7   13.5 285.0     -99.9  -99.9  -99.9      11.1  248.0
2016 01 04 08      2.5   5.4    7.7 261.0      2.4  258.0      0.7   13.6 286.0     -99.9  -99.9  -99.9      11.3  247.0
2016 01 04 09      2.5   5.4    7.6 260.0      2.5  260.0    -99.9  -99.9 -99.9     -99.9  -99.9  -99.9      11.2  245.0
2016 01 04 10      2.6   5.4    7.5 260.0      2.5  260.0    -99.9  -99.9 -99.9     -99.9  -99.9  -99.9      10.9  252.0
2016 01 04 11      2.6   5.4    7.4 261.0      2.5  259.0      0.5   15.0 291.0     -99.9  -99.9  -99.9      11.3  254.0
2016 01 04 12      2.7   5.5    7.5 262.0      2.6  260.0      0.6   15.0 291.0     -99.9  -99.9  -99.9       9.9  249.0
2016 01 04 13      2.6   5.6    7.7 262.0      2.5  260.0      0.7   14.1 290.0     -99.9  -99.9  -99.9      11.4  247.0
2016 01 04 14      2.7   5.6    7.7 262.0      2.5  259.0      0.7   14.1 290.0     -99.9  -99.9  -99.9      11.9  246.0
2016 01 04 15      2.7   5.5    7.7 261.0      2.6  259.0      0.7   14.1 290.0     -99.9  -99.9  -99.9      11.8  246.0
2016 01 04 16      2.8   5.6    7.7 261.0      2.7  259.0      0.7   14.1 290.0     -99.9  -99.9  -99.9      11.6  250.0
2016 01 04 17      2.8   5.6    7.8 261.0      2.7  259.0      0.7   14.0 289.0     -99.9  -99.9  -99.9      11.9  247.0
2016 01 04 18      2.9   5.7    8.0 261.0      2.8  259.0      0.7   14.0 289.0     -99.9  -99.9  -99.9      10.9  236.0
2016 01 04 19      2.9   5.8    8.2 261.0      2.8  259.0      0.7   13.9 289.0     -99.9  -99.9  -99.9      13.3  245.0
2016 01 04 20      3.0   5.8    8.2 260.0      2.9  258.0      0.6   14.5 288.0     -99.9  -99.9  -99.9      12.6  244.0
2016 01 04 21      3.0   5.8    8.3 260.0      3.0  258.0      0.6   14.5 287.0     -99.9  -99.9  -99.9      12.2  243.0
2016 01 04 22      3.1   5.8    8.3 259.0      3.1  259.0    -99.9  -99.9 -99.9     -99.9  -99.9  -99.9      12.8  240.0
2016 01 04 23      3.2   5.9    8.3 258.0      3.2  258.0    -99.9  -99.9 -99.9     -99.9  -99.9  -99.9      13.6  245.0
2016 01 05 00      3.3   6.0    8.4 258.0      3.3  258.0    -99.9  -99.9 -99.9     -99.9  -99.9  -99.9      13.3  239.0
2016 01 05 01      3.4   6.1    8.5 258.0      3.4  258.0    -99.9  -99.9 -99.9     -99.9  -99.9  -99.9      14.8  256.0
2016 01 05 02      3.5   6.2    8.6 260.0      3.5  260.0    -99.9  -99.9 -99.9     -99.9  -99.9  -99.9      10.5  290.0
2016 01 05 03      3.2   6.2    8.8 262.0    -99.9  -99.9      3.2    6.6 262.0     -99.9  -99.9  -99.9      12.0  331.0
2016 01 05 04      3.0   6.2    8.9 263.0    -99.9  -99.9      3.0    6.6 263.0     -99.9  -99.9  -99.9      12.9  333.0
2016 01 05 05      2.9   6.0    9.1 266.0      0.8  327.0      2.7    7.1 261.0     -99.9  -99.9  -99.9      13.3  333.0
2016 01 05 06      2.8   5.8    9.3 271.0      1.2  319.0      2.5    7.6 260.0     -99.9  -99.9  -99.9      11.7  331.0
2016 01 05 07      2.8   5.6    9.6 275.0      1.4  324.0      2.4    7.7 261.0     -99.9  -99.9  -99.9      12.0  339.0
2016 01 05 08      2.8   5.5   10.4 280.0      1.4  331.0      2.3    7.8 262.0     -99.9  -99.9  -99.9      10.7  333.0
2016 01 05 09      2.7   5.5   10.8 283.0      1.5  332.0      2.2    7.9 262.0     -99.9  -99.9  -99.9      10.4  329.0
2016 01 05 10      2.7   5.5   11.0 284.0      1.5  332.0      2.2    8.0 263.0     -99.9  -99.9  -99.9      10.0  326.0
2016 01 05 11      2.6   5.5   11.1 283.0      1.3  339.0      2.2    7.6 266.0     -99.9  -99.9  -99.9       8.6  318.0
2016 01 05 12      2.5   5.7   11.1 279.0      1.1  343.0      2.2    7.3 267.0     -99.9  -99.9  -99.9       8.2  308.0
2016 01 05 13      2.4   5.8   11.1 277.0    -99.9  -99.9      2.2    6.8 271.0       0.7    4.0  360.0       8.1  288.0
2016 01 05 14      2.3   5.8   11.0 274.0      2.2  271.0      0.6    4.0 358.0     -99.9  -99.9  -99.9       9.1  279.0
2016 01 05 15      2.3   5.8   11.0 274.0      2.3  274.0    -99.9  -99.9 -99.9     -99.9  -99.9  -99.9      10.8  289.0
2016 01 05 16      2.4   5.6   10.9 275.0      2.4  275.0    -99.9  -99.9 -99.9     -99.9  -99.9  -99.9      12.7  290.0
2016 01 05 17      2.7   5.5   10.9 277.0      2.6  277.0    -99.9  -99.9 -99.9     -99.9  -99.9  -99.9      11.8  305.0
2016 01 05 18      2.7   5.5    7.6 279.0      2.7  279.0    -99.9  -99.9 -99.9     -99.9  -99.9  -99.9      12.8  304.0
2016 01 05 19      2.8   5.5    7.6 282.0      2.8  282.0    -99.9  -99.9 -99.9     -99.9  -99.9  -99.9      13.0  309.0
2016 01 05 20      2.9   5.5    7.6 284.0      2.8  284.0    -99.9  -99.9 -99.9     -99.9  -99.9  -99.9      12.3  311.0
2016 01 05 21      2.8   5.5    7.7 286.0      2.4  289.0      1.4   10.5 276.0     -99.9  -99.9  -99.9      11.4  318.0
2016 01 05 22      2.8   5.5    7.9 287.0      2.3  291.0      1.4   10.5 277.0     -99.9  -99.9  -99.9      10.1  320.0
2016 01 05 23      2.6   5.5    8.3 287.0      2.2  292.0      1.4   10.6 277.0     -99.9  -99.9  -99.9       9.3  315.0
2016 01 06 00      2.5   5.5   10.7 286.0      2.4  286.0    -99.9  -99.9 -99.9     -99.9  -99.9  -99.9       8.1  303.0
2016 01 06 01      2.3   5.6   10.8 285.0      2.3  285.0    -99.9  -99.9 -99.9     -99.9  -99.9  -99.9       8.0  297.0
2016 01 06 02      2.2   5.6   10.9 283.0      2.1  280.0      0.4    3.7   6.0     -99.9  -99.9  -99.9       7.9  296.0
2016 01 06 03      2.1   5.6   10.9 282.0      2.0  282.0    -99.9  -99.9 -99.9     -99.9  -99.9  -99.9       8.0  294.0
2016 01 06 04      2.0   5.6   11.0 281.0    -99.9  -99.9      2.0    6.2 281.0     -99.9  -99.9  -99.9       7.5  299.0
2016 01 06 05      1.9   5.5   11.0 280.0    -99.9  -99.9      1.9    6.2 280.0     -99.9  -99.9  -99.9       7.2  300.0
2016 01 06 06      1.8   5.6   11.1 279.0    -99.9  -99.9      1.8    6.3 279.0     -99.9  -99.9  -99.9       4.6  308.0
2016 01 06 07      1.8   5.8   11.1 279.0    -99.9  -99.9      1.7    6.4 279.0     -99.9  -99.9  -99.9       3.2  298.0
2016 01 06 08      1.7   6.0   11.1 278.0    -99.9  -99.9      1.7    6.7 278.0     -99.9  -99.9  -99.9       3.0  289.0
2016 01 06 09      1.6   6.3   11.2 277.0    -99.9  -99.9      1.6    6.9 277.0     -99.9  -99.9  -99.9       2.7  285.0
2016 01 06 10      1.6   6.5   11.2 277.0    -99.9  -99.9      1.6    7.0 277.0     -99.9  -99.9  -99.9       4.0  275.0
2016 01 06 11      1.5   6.6   11.2 277.0    -99.9  -99.9      1.5    7.2 277.0     -99.9  -99.9  -99.9       4.6  282.0
2016 01 06 12      1.5   6.5   11.2 276.0    -99.9  -99.9      1.5    7.2 276.0     -99.9  -99.9  -99.9       4.1  245.0
2016 01 06 13      1.5   6.5   11.2 276.0    -99.9  -99.9      1.5    7.2 276.0     -99.9  -99.9  -99.9       5.6  236.0
2016 01 06 14      1.5   6.2   11.2 276.0    -99.9  -99.9      1.5    7.0 276.0     -99.9  -99.9  -99.9       6.2  243.0
2016 01 06 15      1.5   5.9   11.2 275.0    -99.9  -99.9      1.5    6.8 275.0     -99.9  -99.9  -99.9       7.3  251.0
2016 01 06 16      1.5   5.5   11.2 274.0      1.5  274.0    -99.9  -99.9 -99.9     -99.9  -99.9  -99.9       8.4  261.0
2016 01 06 17      1.6   5.1   11.2 273.0      0.9  261.0      1.4    8.7 277.0     -99.9  -99.9  -99.9       7.9  257.0
2016 01 06 18      1.7   5.0   11.2 273.0      1.0  263.0      1.3    9.1 278.0     -99.9  -99.9  -99.9       5.6  249.0
2016 01 06 19      1.6   5.1   11.2 273.0      1.0  266.0      1.3    9.3 278.0     -99.9  -99.9  -99.9       7.6  256.0
2016 01 06 20      1.7   5.0   11.2 274.0      1.1  267.0      1.2    9.8 278.0     -99.9  -99.9  -99.9       7.9  257.0
2016 01 06 21      1.7   4.9   11.2 274.0      1.1  268.0      1.2    9.7 278.0     -99.9  -99.9  -99.9       7.5  260.0
2016 01 06 22      1.7   4.9   11.2 274.0      1.2  269.0      1.2    9.7 278.0     -99.9  -99.9  -99.9       7.5  258.0
2016 01 06 23      1.7   4.9   11.2 274.0      1.2  270.0      1.1    9.8 278.0     -99.9  -99.9  -99.9       7.3  258.0
2016 01 07 00      1.6   4.9   11.2 274.0      1.2  271.0      1.1    9.7 278.0     -99.9  -99.9  -99.9       5.6  249.0
2016 01 07 01      1.6   5.1   11.2 275.0      1.2  271.0      1.1   10.1 279.0     -99.9  -99.9  -99.9       7.1  264.0
2016 01 07 02      1.6   5.1   11.1 275.0      1.1  271.0      1.1   10.1 279.0     -99.9  -99.9  -99.9       6.7  262.0
2016 01 07 03      1.6   5.1   11.1 275.0    -99.9  -99.9      1.1    4.6 272.0       1.0   10.0  279.0       5.8  251.0
2016 01 07 04      1.5   5.2   11.1 275.0    -99.9  -99.9      1.1    4.6 272.0       1.0   10.0  279.0       5.6  240.0
2016 01 07 05      1.5   5.2   11.1 275.0    -99.9  -99.9      1.1    4.6 272.0       1.0    9.9  279.0       5.8  238.0
2016 01 07 06      1.5   5.2   11.0 275.0    -99.9  -99.9      1.0    9.9 279.0       1.0    4.6  271.0       5.6  224.0
2016 01 07 07      1.5   5.2   11.0 275.0    -99.9  -99.9      1.0    9.9 279.0       1.0    4.5  270.0       7.2  231.0
2016 01 07 08      1.5   5.1   11.0 274.0    -99.9  -99.9      1.5    5.8 274.0     -99.9  -99.9  -99.9       7.3  238.0
2016 01 07 09      1.5   5.0   11.0 273.0    -99.9  -99.9      1.5    5.7 273.0     -99.9  -99.9  -99.9       7.0  246.0
2016 01 07 10      1.5   5.0   11.0 273.0    -99.9  -99.9      1.5    5.7 273.0     -99.9  -99.9  -99.9       6.6  253.0
2016 01 07 11      1.5   5.1   11.0 274.0    -99.9  -99.9      1.5    5.8 274.0     -99.9  -99.9  -99.9       6.5  247.0
2016 01 07 12      1.5   5.1   11.0 274.0    -99.9  -99.9      1.5    5.8 274.0     -99.9  -99.9  -99.9       5.3  230.0
2016 01 07 13      1.5   5.2   11.0 275.0    -99.9  -99.9      1.5    5.9 275.0     -99.9  -99.9  -99.9       6.1  237.0
2016 01 07 14      1.5   5.3   11.0 275.0    -99.9  -99.9      1.5    6.0 275.0     -99.9  -99.9  -99.9       5.9  240.0
2016 01 07 15      1.5   5.4   11.0 276.0    -99.9  -99.9      1.5    6.1 276.0     -99.9  -99.9  -99.9       5.8  241.0
2016 01 07 16      1.5   5.5   11.1 276.0    -99.9  -99.9      1.5    6.2 276.0     -99.9  -99.9  -99.9       5.1  249.0
2016 01 07 17      1.5   5.6   11.1 277.0    -99.9  -99.9      1.4    6.0 275.0       0.5   13.3  291.0       4.7  249.0
2016 01 07 18      1.5   5.8   11.1 278.0    -99.9  -99.9      1.4    6.1 275.0       0.6   13.4  291.0       4.1  231.0
2016 01 07 19      1.5   6.0   11.1 278.0    -99.9  -99.9      1.4    6.2 276.0       0.6   13.4  291.0       5.0  241.0
2016 01 07 20      1.6   6.1   11.2 279.0    -99.9  -99.9      1.3    5.9 274.0       0.9   12.3  290.0       4.7  236.0
2016 01 07 21      1.6   6.2   11.2 279.0    -99.9  -99.9      1.3    6.0 274.0       0.9   12.4  290.0       5.0  223.0
2016 01 07 22      1.6   6.3   11.3 279.0    -99.9  -99.9      1.3    6.0 273.0       0.9   12.4  290.0       5.2  221.0
2016 01 07 23      1.6   6.3   11.4 279.0    -99.9  -99.9      1.3    6.0 273.0       0.9   12.5  290.0       5.7  218.0
2016 01 08 00      1.6   6.3   11.4 279.0    -99.9  -99.9      1.3    6.0 273.0       1.0   12.6  290.0       5.2  222.0
2016 01 08 01      1.6   6.3   11.6 279.0    -99.9  -99.9      1.2    6.0 273.0       1.0   12.6  289.0       5.9  224.0
2016 01 08 02      1.6   6.3   11.7 279.0      0.3  216.0      1.2    6.4 274.0       1.0   12.7  289.0       5.8  222.0
2016 01 08 03      1.6   6.2   11.9 279.0      0.3  215.0      1.2    6.4 274.0       1.0   12.7  289.0       6.5  215.0
2016 01 08 04      1.6   6.1   12.2 278.0    -99.9  -99.9      1.3    5.7 271.0       1.0   12.8  289.0       6.8  220.0
2016 01 08 05      1.7   6.1   12.5 278.0    -99.9  -99.9      1.3    5.7 270.0       1.0   12.8  289.0       6.1  226.0
2016 01 08 06      1.7   6.1   12.6 278.0    -99.9  -99.9      1.3    5.7 270.0       1.0   12.8  288.0       4.5  222.0
2016 01 08 07      1.7   6.2   12.8 278.0    -99.9  -99.9      1.3    5.8 271.0       1.0   12.8  288.0       6.2  217.0
2016 01 08 08      1.7   6.1   12.9 278.0    -99.9  -99.9      1.3    5.7 270.0       1.0   12.8  288.0       7.0  213.0
2016 01 08 09      1.7   5.9   12.9 277.0      0.4  211.0      1.3    6.2 274.0       1.0   12.8  288.0       7.6  209.0
2016 01 08 10      1.7   5.7   12.9 275.0      0.2  180.0      1.3    5.6 269.0       1.0   12.8  288.0       8.2  206.0
2016 01 08 11      1.8   5.5   12.9 273.0      0.6  216.0      1.3    6.4 275.0       1.0   12.8  287.0       8.6  209.0
2016 01 08 12      1.8   5.4   12.9 272.0      0.6  206.0      1.7    7.2 278.0     -99.9  -99.9  -99.9       4.9  194.0
2016 01 08 13      1.9   5.6   12.9 273.0      0.5  195.0      1.8    7.0 277.0     -99.9  -99.9  -99.9       7.1  201.0
2016 01 08 14      1.9   5.6   12.9 272.0      0.5  194.0      1.8    7.0 277.0     -99.9  -99.9  -99.9       8.5  216.0
2016 01 08 15      1.9   5.4   12.9 271.0      0.7  206.0      1.8    7.2 278.0     -99.9  -99.9  -99.9       8.5  222.0
2016 01 08 16      2.0   5.4   12.8 270.0    -99.9  -99.9      2.0    6.0 270.0     -99.9  -99.9  -99.9       9.0  226.0
2016 01 08 17      2.1   5.3   12.7 268.0      0.8  209.0      1.9    6.9 277.0     -99.9  -99.9  -99.9       9.3  230.0
2016 01 08 18      2.2   5.3   12.5 267.0      0.8  208.0      2.0    6.9 276.0     -99.9  -99.9  -99.9       7.2  215.0
2016 01 08 19      2.2   5.5   12.1 268.0    -99.9  -99.9      2.2    6.1 268.0     -99.9  -99.9  -99.9       9.5  221.0
2016 01 08 20      2.3   5.5    9.9 266.0    -99.9  -99.9      2.2    6.1 266.0     -99.9  -99.9  -99.9       9.7  220.0
2016 01 08 21      2.4   5.5    9.3 264.0      1.0  209.0      2.1    7.1 274.0     -99.9  -99.9  -99.9      10.3  215.0
2016 01 08 22      2.5   5.5    9.1 262.0      2.4  262.0    -99.9  -99.9 -99.9     -99.9  -99.9  -99.9      10.7  219.0
2016 01 08 23      2.6   5.5    9.1 260.0      1.2  209.0      2.2    7.2 273.0     -99.9  -99.9  -99.9      10.9  219.0
2016 01 13 00      1.4   5.2   11.3 273.0      0.3   52.0      1.2    7.8 269.0       0.4   12.9  294.0       7.3   54.0
2016 01 13 01      1.5   4.7   11.3 279.0      0.6   63.0      1.2    7.8 269.0       0.4   12.9  294.0       8.2   50.0
2016 01 13 02      1.5   4.9   11.2 283.0      0.7   66.0      1.2    7.8 269.0       0.4   12.8  294.0       8.9   48.0
2016 01 13 03      1.5   5.0   11.2 285.0      0.7   57.0      1.2    7.9 270.0       0.4   12.8  294.0       8.5   46.0
2016 01 13 04      1.4   4.8   11.2 286.0      0.7   63.0      1.1    7.9 270.0       0.4   12.8  294.0       9.0   55.0
2016 01 13 05      1.5   4.5   11.2 295.0      0.9   62.0      1.1    8.0 270.0       0.4   12.8  294.0       8.5   60.0
2016 01 13 06      1.5   4.5   11.1 303.0      0.9   62.0      1.1    8.0 271.0       0.4   12.8  294.0       8.2   61.0
2016 01 13 07      1.5   4.5   11.1 304.0      0.9   64.0      1.1    8.1 271.0       0.3   12.7  294.0       7.6   63.0
2016 01 13 08      1.4   4.6   11.1 299.0      0.9   66.0      1.1    8.1 271.0       0.3   12.7  294.0       7.4   67.0
2016 01 13 09      1.4   4.7   11.1 293.0      0.8   67.0      1.1    8.4 274.0     -99.9  -99.9  -99.9       7.2   69.0
2016 01 13 10      1.3   4.7   11.1 288.0      0.7   70.0      1.1    8.4 274.0     -99.9  -99.9  -99.9       6.9   85.0
2016 01 13 11      1.3   4.8   11.0 282.0      0.7   78.0      1.1    8.4 274.0     -99.9  -99.9  -99.9       6.4   92.0
2016 01 13 12      1.3   5.0   11.0 272.0      0.6   78.0      1.0    8.4 274.0       0.3    4.6  130.0       5.4   76.0
2016 01 13 13      1.3   5.1   11.0 251.0      0.4   67.0      1.0    8.4 274.0       0.7    4.9  135.0       5.2   77.0
2016 01 13 14      1.4   5.3   11.0 220.0      0.3   58.0      1.0    8.4 274.0       0.9    5.1  137.0       4.8   72.0
2016 01 13 15      1.5   5.4   10.9 199.0    -99.9  -99.9      1.1    4.9 133.0       1.0    8.4  274.0       3.7   71.0
2016 01 13 16      1.5   5.6   10.9 188.0    -99.9  -99.9      1.1    5.3 136.0       1.0    8.5  274.0       3.6   68.0
2016 01 13 17      1.5   5.6    6.6 183.0    -99.9  -99.9      1.0    4.9 132.0       1.0    8.5  274.0       3.1   94.0
2016 01 13 18      1.5   5.6    6.6 183.0    -99.9  -99.9      1.1    5.2 135.0       0.9    8.5  274.0       2.8   86.0
2016 01 13 19      1.4   5.6   10.8 184.0    -99.9  -99.9      1.1    5.1 134.0       0.9    8.5  274.0       4.3  113.0
2016 01 13 20      1.4   5.3   10.8 183.0      1.1  133.0      0.9    8.6 274.0     -99.9  -99.9  -99.9       7.3  114.0
2016 01 13 21      1.5   5.0   10.8 171.0      1.1  132.0      0.9    8.6 274.0     -99.9  -99.9  -99.9       7.8  117.0
2016 01 13 22      1.6   4.9    6.3 159.0      1.3  131.0      0.9    8.6 274.0     -99.9  -99.9  -99.9       8.0  119.0
2016 01 13 23      1.7   4.8    6.3 152.0      1.4  131.0      0.9    8.7 274.0     -99.9  -99.9  -99.9       8.4  121.0
2016 01 14 00      1.8   4.9    6.4 149.0      1.5  132.0      0.9    8.8 274.0     -99.9  -99.9  -99.9       7.3  119.0
2016 01 14 01      1.8   4.9    6.4 148.0      1.5  132.0      0.8    8.6 275.0       0.3   13.3  261.0       8.3  126.0
2016 01 14 02      1.8   4.9    6.4 148.0      1.5  131.0      0.8    8.6 274.0       0.3   13.5  266.0       8.4  130.0
2016 01 14 03      1.8   4.9    6.3 148.0      1.5  131.0      0.8    8.6 274.0       0.4   13.5  266.0       8.1  133.0
2016 01 14 04      1.7   4.8    6.3 150.0      1.4  131.0      0.8    8.6 274.0       0.4   13.5  266.0       7.2  139.0
2016 01 14 05      1.6   4.8    6.2 154.0      1.4  131.0      0.7    8.2 273.0       0.5   12.8  267.0       6.3  142.0
2016 01 14 06      1.5   4.9    6.1 161.0      1.2  130.0      0.7    8.2 273.0       0.5   12.8  267.0       6.7  137.0
2016 01 14 07      1.5   4.8    5.9 171.0      1.1  130.0      0.8    9.8 265.0       0.5    8.2  283.0       6.4  145.0
2016 01 14 08      1.4   4.8   11.9 184.0    -99.9  -99.9      1.0    4.5 130.0       0.8    9.8  265.0       5.1  155.0
2016 01 14 09      1.4   4.9   12.1 201.0    -99.9  -99.9      1.0    4.4 129.0       0.9    9.3  270.0       4.5  162.0
2016 01 14 10      1.3   5.0   12.3 217.0    -99.9  -99.9      1.0    9.4 269.0       0.9    4.3  129.0       3.2  178.0
2016 01 14 11      1.3   5.2   12.4 231.0    -99.9  -99.9      1.0    9.5 269.0       0.8    4.2  129.0       2.7  204.0
2016 01 14 12      1.2   5.4   12.4 241.0    -99.9  -99.9      1.0    9.5 269.0       0.7    4.2  128.0       2.3  205.0
2016 01 14 13      1.2   5.6   12.5 249.0    -99.9  -99.9      1.0    9.6 268.0       0.6    4.1  128.0       3.0  263.0
2016 01 14 14      1.2   5.9   12.5 254.0    -99.9  -99.9      1.0    9.7 268.0       0.6    4.1  127.0       2.9  281.0
2016 01 14 15      1.2   6.2   12.6 258.0    -99.9  -99.9      1.0    9.7 268.0       0.5    4.0  127.0       2.1  264.0
2016 01 14 16      1.2   6.5   12.6 261.0    -99.9  -99.9      1.1    9.8 268.0       0.4    3.9  127.0       2.5  237.0
2016 01 14 17      1.2   6.9   12.6 263.0    -99.9  -99.9      1.1    9.9 268.0       0.4    3.8  127.0       3.6  233.0
2016 01 14 18      1.2   7.3   12.5 264.0    -99.9  -99.9      1.1    9.9 267.0       0.3    3.7  127.0       4.9  285.0
2016 01 14 19      1.2   7.7   12.5 265.0    -99.9  -99.9      1.1   10.0 267.0       0.3    3.6  127.0       4.2  281.0
2016 01 14 20      1.2   8.1   12.5 265.0    -99.9  -99.9      1.1   10.0 267.0       0.2    3.5  126.0       4.5  288.0
2016 01 14 21      1.2   8.4   12.5 266.0    -99.9  -99.9      1.1   10.0 267.0       0.2    3.4  126.0       4.7  299.0
2016 01 14 22      1.2   8.7   12.4 266.0    -99.9  -99.9      1.2   10.1 267.0       0.2    3.3  126.0       4.2  286.0
2016 01 14 23      1.2   9.0   12.4 266.0    -99.9  -99.9      1.2   10.1 267.0       0.2    3.3  126.0       4.7  275.0
2016 01 15 00      1.2   9.2   12.4 266.0    -99.9  -99.9      1.2   10.1 267.0       0.1    3.2  125.0       4.1  267.0
2016 01 15 01      1.2   9.3   12.3 266.0    -99.9  -99.9      1.2   10.1 267.0       0.1    3.2  125.0       7.5  280.0
2016 01 15 02      1.2   9.2   12.3 267.0    -99.9  -99.9      1.2    9.9 267.0     -99.9  -99.9  -99.9       7.8  297.0
2016 01 15 03      1.2   8.4   12.2 267.0      0.1  284.0      1.2    9.9 267.0     -99.9  -99.9  -99.9       8.6  302.0
2016 01 15 04      1.3   6.1   12.2 267.0      0.3  285.0      1.2   10.0 267.0     -99.9  -99.9  -99.9       7.2  316.0
2016 01 15 05      1.4   5.2   12.2 270.0      0.6  290.0      1.2   10.1 267.0     -99.9  -99.9  -99.9       7.0  331.0
2016 01 15 06      1.5   5.0   12.1 273.0      0.6  311.0      1.2   10.2 267.0       0.5    3.7  264.0       8.0  324.0
2016 01 15 07      1.6   4.8   12.1 274.0      0.9  288.0      1.2   10.4 267.0     -99.9  -99.9  -99.9       8.5  322.0
2016 01 15 08      1.6   4.8   12.0 276.0      1.1  288.0      1.2   10.6 267.0     -99.9  -99.9  -99.9       8.6  321.0
2016 01 15 09      1.7   4.7   12.0 277.0      1.2  289.0      1.1   10.6 267.0     -99.9  -99.9  -99.9       8.7  318.0
2016 01 15 10      1.7   4.7   12.0 279.0      1.2  290.0      1.1   10.7 267.0     -99.9  -99.9  -99.9       7.8  317.0
2016 01 15 11      1.7   4.8   11.9 279.0      0.7  332.0      1.1   10.7 267.0       1.0    4.8  273.0       7.9  326.0
2016 01 15 12      1.7   4.8   11.9 280.0      0.6  345.0      1.1   10.6 266.0       1.0    4.7  278.0       8.2  330.0
2016 01 15 13      1.6   4.8   11.9 280.0      1.1  299.0      1.1   10.6 266.0       0.4    6.6  256.0       7.8  328.0
2016 01 15 14      1.6   4.8   11.9 281.0      0.5  355.0      1.1    4.7 281.0       1.0   10.7  266.0       7.2  330.0
2016 01 15 15      1.6   4.8   11.8 281.0      0.6  348.0      1.0   10.9 266.0       1.0    4.9  278.0       7.1  337.0
2016 01 15 16      1.5   4.9   11.8 280.0      0.6  349.0      1.0   10.6 265.0       0.9    4.9  279.0       6.4  341.0
2016 01 15 17      1.5   5.0   11.8 279.0      0.5  351.0      1.0   10.6 265.0       0.9    4.9  279.0       6.5  348.0
2016 01 15 18      1.4   5.1   11.8 277.0    -99.9  -99.9      1.0   10.6 265.0       0.8    4.9  279.0       4.7  312.0
2016 01 15 19      1.3   5.3   11.8 275.0      0.3    2.0      1.0   10.7 264.0       0.8    4.7  282.0       5.1  328.0
2016 01 15 20      1.3   5.3   11.7 274.0      0.3  360.0      1.0   10.7 264.0       0.8    4.7  282.0       6.8  359.0
2016 01 15 21      1.3   5.0   11.7 277.0      0.4  353.0      1.0   10.6 264.0       0.7    4.7  280.0       7.8    7.0
2016 01 15 22      1.3   4.7   11.7 283.0      0.4   12.0      0.9   10.6 263.0       0.6    4.8  278.0       7.2   37.0
2016 01 15 23      1.4   4.6   11.6 287.0      0.5   17.0      0.9   10.7 262.0       0.5    4.9  274.0       8.9   43.0
2016 01 16 00      1.4   4.4   11.6 293.0      0.5   29.0      0.9   10.7 261.0       0.6    4.1  303.0       8.2   49.0
2016 01 16 01      1.4   4.3   11.6 298.0      0.6   35.0      0.9   10.8 260.0       0.7    4.1  315.0      10.2   60.0
2016 01 16 02      -99.9   4.2   11.7 310.0      0.8   42.0      0.9   10.7 259.0       0.7    4.2  337.0      11.3   64.0
2016 01 16 03      1.6   4.1   11.7 338.0      1.0   46.0      0.9   10.8 258.0       0.7    4.4  344.0      11.8   65.0
2016 01 16 04      1.9   4.1    4.6  13.0      1.5   42.0      0.9   10.7 258.0       0.4    5.3  343.0      12.4   65.0
2016 01 16 05      2.2   4.2    5.1  36.0      2.0   46.0      0.7   10.0 262.0       0.6   13.4  247.0      12.9   66.0
2016 01 16 06      2.4   4.5    5.6  44.0      2.2   50.0      0.7   12.2 248.0       0.5    8.5  271.0      10.4   62.0
2016 01 16 07      2.3   4.6    5.7  45.0      2.1   51.0      0.7   12.3 248.0       0.5    8.9  270.0      11.6   63.0
2016 01 16 08      2.2   4.6    5.5  49.0      2.0   54.0      0.8   12.1 247.0       0.4    9.2  271.0      12.6   61.0
2016 01 16 09      2.3   4.6    5.5  52.0      2.1   56.0      0.8   12.2 247.0       0.4    9.4  270.0      12.5   66.0
2016 01 16 10      2.4   4.7    5.7  53.0      2.2   57.0      0.9   11.4 252.0     -99.9  -99.9  -99.9      11.2   69.0
2016 01 16 11      2.3   4.7    5.8  53.0      2.1   57.0      0.9   11.5 252.0     -99.9  -99.9  -99.9       9.9   70.0
2016 01 16 12      2.1   4.6    5.8  51.0      1.9   56.0      0.9   11.6 251.0     -99.9  -99.9  -99.9       9.9   63.0
2016 01 16 13      2.0   4.5    5.6  49.0      1.7   55.0      0.9   11.6 251.0     -99.9  -99.9  -99.9      10.1   59.0
2016 01 16 14      1.9   4.5    5.3  45.0      1.7   54.0      0.9   11.6 251.0     -99.9  -99.9  -99.9       9.9   57.0
2016 01 16 15      -99.9   4.4    5.3  42.0      1.6   52.0      0.9   11.6 251.0     -99.9  -99.9  -99.9       9.2   58.0
2016 01 16 16      1.8   4.3    5.2  40.0      1.5   52.0      0.9   11.6 251.0     -99.9  -99.9  -99.9       9.2   61.0
2016 01 16 17      1.8   4.3   12.5  39.0      1.5   52.0      0.9   11.6 251.0     -99.9  -99.9  -99.9       9.3   62.0
2016 01 16 18      1.7   4.3   12.4  39.0      1.4   53.0      0.9   11.6 251.0     -99.9  -99.9  -99.9       9.2   53.0
2016 01 16 19      1.8   4.2   12.4  42.0      1.4   52.0      0.9   11.6 251.0       0.3    5.3  139.0      10.1   55.0
2016 01 16 20      1.8   4.3   12.3  50.0      1.5   49.0      0.9   11.5 251.0       0.6    4.8  136.0      10.2   62.0
2016 01 16 21      1.9   4.3    4.9  59.0      1.4   55.0      0.9   11.5 251.0       0.7    5.1  137.0       9.8   71.0
2016 01 16 22      1.9   4.3   12.2  66.0      1.5   73.0      0.9   11.5 252.0       0.4    5.9   13.0       8.0   83.0
2016 01 16 23      1.7   4.4   12.2  74.0      1.1  107.0      0.9    4.2  32.0       0.9   11.5  252.0       7.5   91.0
2016 01 17 00      1.6   4.4   12.1  89.0      1.0   49.0      0.9   11.4 252.0       0.8    4.7  130.0       7.8   69.0
2016 01 17 01      1.6   4.3   12.1 104.0      1.0   50.0      0.9   11.4 252.0       0.8    4.7  130.0       7.9   81.0
2016 01 17 02      1.5   4.3   12.0 116.0      1.2   98.0      0.8   11.3 252.0       0.4    5.1   24.0       8.1   87.0
2016 01 17 03      1.5   4.3   11.9 123.0      1.2   95.0      0.8   11.3 252.0     -99.9  -99.9  -99.9       8.3   89.0
2016 01 17 04      1.5   4.3   11.8 128.0      1.1  113.0      0.8   11.2 253.0       0.5    3.9   22.0       8.2   89.0
2016 01 17 05      1.5   4.4   11.7 131.0      1.1  114.0      0.8   11.2 253.0       0.5    3.9   23.0       7.9   85.0
2016 01 17 06      1.5   4.5   11.6 133.0      0.7   47.0      1.0    4.8 126.0       0.8   11.1  253.0       8.1   67.0
2016 01 17 07      1.6   4.5   11.6 130.0      0.7   47.0      1.1    5.0 128.0       0.8   11.1  253.0       8.4   76.0
2016 01 17 08      1.6   4.6   11.5 127.0      1.3  108.0      0.8   11.0 253.0       0.3    7.8  147.0       8.9   87.0
2016 01 17 09      1.6   4.5   11.4 125.0      1.4  111.0      0.7   10.9 253.0       0.2    4.9   14.0       8.8   88.0
2016 01 17 10      1.6   4.5   11.3 124.0      1.4  111.0      0.7   10.9 254.0       0.2    4.9   14.0       8.4   88.0
2016 01 17 11      1.6   4.5   11.3 125.0      1.3  114.0      0.7   10.8 254.0       0.3    4.6   24.0       8.1   87.0
2016 01 17 12      1.5   4.5   11.2 127.0      0.6   49.0      1.2    5.2 126.0       0.7   10.8  253.0       6.6   84.0
2016 01 17 13      1.5   4.6   11.1 131.0      0.6   46.0      1.1    5.2 127.0       0.7   10.7  253.0       6.2   81.0
2016 01 17 14      1.4   4.7   11.1 134.0      0.5   45.0      1.1    5.2 128.0       0.7   10.6  253.0       5.2   82.0
2016 01 17 15      1.4   4.8   11.0 138.0    -99.9  -99.9      1.1    5.1 128.0       0.6   10.6  253.0       4.2   94.0
2016 01 17 16      1.3   4.9   11.0 140.0    -99.9  -99.9      1.1    5.1 127.0       0.6   10.5  253.0       4.0   85.0
2016 01 17 17      1.3   5.0    6.4 142.0    -99.9  -99.9      1.1    5.1 128.0       0.6   10.4  253.0       3.5   71.0
2016 01 17 18      1.3   5.1    6.4 144.0      0.2   33.0      1.0    5.1 128.0       0.6   10.3  253.0       5.1   30.0
2016 01 17 19      -99.9   5.0    6.3 146.0      0.2   34.0      1.0    5.2 129.0       0.6   10.2  253.0       4.8   33.0
2016 01 17 20      1.1   4.9   10.6 149.0      0.2   35.0      0.9    5.1 129.0       0.6   10.2  253.0       4.7   40.0
2016 01 17 21      1.1   4.8   10.5 155.0    -99.9  -99.9      0.8    4.9 128.0       0.6   10.1  253.0       3.8   59.0
2016 01 17 22      1.0   4.8   10.4 163.0    -99.9  -99.9      0.8    4.8 127.0       0.6   10.0  253.0       3.5   77.0
2016 01 17 23      0.9   4.8   10.3 173.0    -99.9  -99.9      0.7    4.6 127.0       0.6    9.9  253.0       2.2   65.0
2016 01 18 00      0.8   4.8   10.2 186.0    -99.9  -99.9      0.6    4.4 126.0       0.6    9.8  252.0       3.5   20.0
2016 01 18 01      0.8   4.9   10.2 199.0    -99.9  -99.9      0.6    9.8 253.0       0.5    4.3  126.0       4.2  355.0
2016 01 18 02      0.8   4.9   10.1 210.0    -99.9  -99.9      0.6    9.7 253.0       0.5    4.2  126.0       4.7  348.0
2016 01 18 03      0.7   5.0   10.0 219.0    -99.9  -99.9      0.6    9.6 253.0       0.4    4.1  126.0       4.5  345.0
2016 01 18 04      0.7   5.1   10.0 225.0    -99.9  -99.9      0.6    9.5 253.0       0.4    4.0  126.0       4.3  341.0
2016 01 18 05      0.7   5.3    9.9 231.0    -99.9  -99.9      0.6    9.5 253.0       0.3    3.9  126.0       3.7  350.0
2016 01 18 06      0.6   5.4    9.9 236.0    -99.9  -99.9      0.6    9.4 253.0       0.3    3.8  126.0       4.4  352.0
2016 01 18 07      0.6   5.6    9.8 240.0    -99.9  -99.9      0.6    9.3 254.0       0.3    3.7  126.0       3.8  351.0
2016 01 18 08      0.6   5.7    9.7 243.0    -99.9  -99.9      0.5    9.3 254.0       0.2    3.6  126.0       3.5  346.0
2016 01 18 09      0.6   5.9    9.6 246.0    -99.9  -99.9      0.5    9.2 254.0       0.2    3.5  126.0       2.7  336.0
2016 01 18 10      0.6   6.2    9.5 248.0    -99.9  -99.9      0.5    9.1 254.0       0.2    3.4  126.0       1.5  330.0
2016 01 18 11      0.6   6.4    9.4 250.0    -99.9  -99.9      0.5    9.1 255.0       0.2    3.3  126.0       1.3  281.0
2016 01 18 12      0.6   6.6    9.4 251.0    -99.9  -99.9      0.5    9.0 255.0       0.1    3.3  126.0       3.0  287.0
2016 01 18 13      0.6   6.8    9.3 252.0    -99.9  -99.9      0.5    9.0 255.0       0.1    3.2  126.0       3.1  277.0
2016 01 18 14      0.5   7.1    9.2 253.0    -99.9  -99.9      0.5    8.9 255.0       0.1    3.1  127.0       3.5  280.0
2016 01 18 15      0.5   7.3    9.2 254.0    -99.9  -99.9      0.5    8.9 255.0     -99.9  -99.9  -99.9       4.3  267.0
2016 01 18 16      0.5   7.4    9.1 255.0    -99.9  -99.9      0.5    8.8 256.0     -99.9  -99.9  -99.9       5.2  260.0
2016 01 18 17      0.5   7.6    9.1 256.0    -99.9  -99.9      0.5    8.8 256.0     -99.9  -99.9  -99.9       6.1  256.0
2016 01 18 18      0.5   7.8    9.0 257.0    -99.9  -99.9      0.5    8.5 254.0       0.2   12.2  281.0       6.3  261.0
2016 01 18 19      0.5   7.9    9.0 257.0    -99.9  -99.9      0.5    8.3 253.0       0.2   11.5  280.0       6.8  264.0
2016 01 18 20      0.5   8.0    8.9 258.0    -99.9  -99.9      0.5    8.2 253.0       0.2   11.5  280.0       6.9  272.0
2016 01 18 21      0.5   7.9    8.9 259.0    -99.9  -99.9      0.5    8.1 254.0       0.2   11.5  281.0       6.6  282.0
2016 01 18 22      0.5   6.5    8.9 261.0    -99.9  -99.9      0.5    7.9 255.0       0.2   11.5  281.0       6.5  297.0
2016 01 18 23      0.6   4.1    8.8 270.0      0.3  300.0      0.5    8.1 255.0       0.3   11.4  282.0       5.6  323.0
2016 01 19 00      0.7   3.9    8.8 278.0      0.4  302.0      0.4    7.9 253.0       0.3   10.9  281.0       4.8  334.0
2016 01 19 01      0.8   4.0    8.7 280.0    -99.9  -99.9      0.6    3.7 297.0       0.4    8.0  253.0       4.7  336.0
2016 01 19 02      0.8   4.0    8.7 281.0    -99.9  -99.9      0.6    3.8 295.0       0.4    7.9  254.0       4.9  336.0
2016 01 19 03      0.8   4.0    8.7 281.0    -99.9  -99.9      0.6    3.8 295.0       0.4    7.9  254.0       4.1  342.0
2016 01 19 04      0.8   4.1    8.6 280.0    -99.9  -99.9      0.6    3.8 294.0       0.4    7.8  255.0       4.1  343.0
2016 01 19 05      0.8   4.1    8.6 280.0      0.2  352.0      0.5    3.9 288.0       0.4    9.6  282.0       4.0  355.0
2016 01 19 06      0.8   4.2    8.6 280.0      0.2  355.0      0.5    3.9 287.0       0.5    9.6  282.0       3.4  343.0
2016 01 19 07      0.8   4.2    8.6 281.0      0.1    5.0      0.5    9.6 283.0       0.4    4.0  283.0       3.5  345.0
2016 01 19 08      0.8   4.3    8.6 281.0    -99.9  -99.9      0.5    9.6 283.0       0.4    3.9  283.0       3.1  346.0
2016 01 19 09      0.8   4.4   10.9 282.0    -99.9  -99.9      0.5    9.5 283.0       0.4    3.9  283.0       2.2  338.0
2016 01 19 10      0.8   4.6   10.9 282.0    -99.9  -99.9      0.6    9.2 283.0       0.4    3.8  284.0       0.7  355.0
2016 01 19 11      0.8   4.8   10.9 282.0    -99.9  -99.9      0.4    7.8 276.0       0.4   11.3  288.0       1.1   82.0
2016 01 19 12      0.8   5.0   10.9 281.0    -99.9  -99.9      0.5    7.6 277.0       0.4   11.3  288.0       0.7  174.0
2016 01 19 13      0.8   5.3   10.9 281.0    -99.9  -99.9      0.6    5.7 278.0       0.4   11.2  288.0       1.4  187.0
2016 01 19 14      0.8   5.6   10.9 280.0    -99.9  -99.9      0.6    5.9 278.0       0.5   11.2  288.0       1.9  184.0
2016 01 19 15      0.8   5.9   10.9 280.0    -99.9  -99.9      0.5    6.0 277.0       0.5   10.9  289.0       2.3  194.0
2016 01 19 16      0.8   6.2   10.9 279.0    -99.9  -99.9      0.5    6.1 277.0       0.5   10.9  289.0       2.2  172.0
2016 01 19 17      0.8   6.5   10.9 279.0    -99.9  -99.9      0.5    6.3 277.0       0.5   10.9  289.0       2.5  170.0
2016 01 19 18      0.8   6.8   10.9 279.0    -99.9  -99.9      0.6    6.5 270.0       0.5   10.9  289.0       2.7  155.0
2016 01 19 19      0.8   7.1   10.9 279.0    -99.9  -99.9      0.6    6.6 271.0       0.6   10.9  289.0       3.5  148.0
2016 01 19 20      0.8   7.3   10.9 279.0    -99.9  -99.9      0.6    6.7 271.0       0.6   10.9  289.0       4.7  166.0
2016 01 19 21      0.8   7.5   10.9 280.0    -99.9  -99.9      0.6    6.8 271.0       0.6   10.9  289.0       5.0  171.0
2016 01 19 22      0.8   7.6   10.9 280.0    -99.9  -99.9      0.8    8.1 280.0     -99.9  -99.9  -99.9       4.0  179.0
2016 01 19 23      0.9   7.7   10.9 280.0    -99.9  -99.9      0.9    8.1 280.0     -99.9  -99.9  -99.9       5.5  226.0
2016 01 20 00      0.9   7.6   10.9 280.0    -99.9  -99.9      0.9    8.1 280.0     -99.9  -99.9  -99.9       6.1  202.0
2016 01 20 01      0.9   7.0   10.9 279.0    -99.9  -99.9      0.9    8.3 280.0     -99.9  -99.9  -99.9       8.0  218.0
2016 01 20 02      0.9   4.7   10.9 277.0      0.3  247.0      0.9    8.5 279.0     -99.9  -99.9  -99.9       8.4  225.0
2016 01 20 03      1.1   4.0   10.9 265.0      0.7  243.0      0.8    8.8 279.0     -99.9  -99.9  -99.9       9.5  228.0
2016 01 20 04      1.5   4.0    4.5 257.0      1.2  246.0      0.8    9.1 280.0       0.1   17.5  285.0       9.9  228.0
2016 01 20 05      1.7   4.2    5.3 256.0      1.5  249.0      0.7    9.8 281.0       0.2   17.5  286.0       9.1  234.0
2016 01 20 06      1.8   4.5    5.9 258.0      1.6  253.0      0.7   10.2 283.0       0.2   17.4  286.0       6.6  261.0
2016 01 20 07      1.8   4.7    6.3 261.0    -99.9  -99.9      1.6    4.9 257.0       0.6   10.6  283.0       7.3  292.0
2016 01 20 08      1.8   4.9    6.6 264.0    -99.9  -99.9      1.6    5.2 261.0       0.5   11.1  284.0       6.9  292.0
2016 01 20 09      1.7   5.0    6.9 265.0    -99.9  -99.9      1.6    5.3 263.0       0.5   11.5  286.0       7.8  298.0
2016 01 20 10      1.8   5.0    7.1 267.0    -99.9  -99.9      1.7    5.4 265.0       0.4   15.5  285.0       7.7  304.0
2016 01 20 11      1.8   5.1    7.3 269.0    -99.9  -99.9      1.6    5.4 267.0       0.5   15.5  285.0       6.7  314.0
2016 01 20 12      1.7   5.2    7.5 269.0    -99.9  -99.9      1.6    5.5 267.0       0.5   15.4  285.0       5.0  302.0
2016 01 20 13      1.7   5.4    7.7 269.0    -99.9  -99.9      1.6    5.7 267.0       0.6   15.4  285.0       3.9  309.0
2016 01 20 14      1.7   5.6    7.8 269.0    -99.9  -99.9      1.5    5.7 265.0       0.7   14.6  285.0       2.6  292.0
2016 01 20 15      1.6   5.8    8.1 269.0    -99.9  -99.9      1.5    5.8 265.0       0.7   14.6  284.0       2.9  271.0
2016 01 20 16      1.6   6.0   15.6 269.0    -99.9  -99.9      1.4    5.9 264.0       0.8   14.6  284.0       3.4  262.0
2016 01 20 17      1.6   6.2   15.4 269.0    -99.9  -99.9      1.4    5.9 264.0       0.8   14.6  284.0       4.2  268.0
2016 01 20 18      1.6   6.3   15.3 270.0    -99.9  -99.9      1.4    6.0 264.0       0.9   14.5  284.0       3.5  256.0
2016 01 20 19      1.6   6.4   15.1 270.0    -99.9  -99.9      1.3    6.1 265.0       1.0   13.8  284.0       4.0  272.0
2016 01 20 20      1.6   6.5   15.1 271.0    -99.9  -99.9      1.3    6.1 265.0       1.0   13.8  283.0       4.1  269.0
2016 01 20 21      1.6   6.6   15.0 271.0    -99.9  -99.9      1.2    6.1 265.0       1.0   13.8  283.0       4.0  251.0
2016 01 20 22      1.7   6.8   14.9 272.0    -99.9  -99.9      1.2    6.2 265.0       1.1   13.8  283.0       3.7  239.0
2016 01 20 23      1.7   6.9   14.8 272.0    -99.9  -99.9      1.2    6.2 265.0       1.1   13.7  283.0       4.0  232.0
2016 01 21 00      1.6   7.0   14.8 272.0    -99.9  -99.9      1.2   13.1 283.0       1.1    6.0  263.0       2.8  227.0
2016 01 21 01      1.6   7.1   14.7 273.0    -99.9  -99.9      1.6    7.9 274.0       0.2    3.7  174.0       2.1  221.0
2016 01 21 02      1.6   7.2   14.7 273.0    -99.9  -99.9      1.6    8.0 274.0       0.2    3.7  175.0       2.7  219.0
2016 01 21 03      1.6   7.3   14.6 273.0    -99.9  -99.9      1.6    8.1 275.0       0.2    3.7  175.0       2.8  215.0
2016 01 21 04      1.6   7.4   14.6 274.0    -99.9  -99.9      1.6    8.2 275.0       0.2    3.7  176.0       3.4  212.0
2016 01 21 05      1.6   7.4   14.5 274.0    -99.9  -99.9      1.6    8.2 275.0       0.2    3.7  176.0       3.5  209.0
2016 01 21 06      1.6   7.5   14.5 274.0    -99.9  -99.9      1.6    8.3 275.0       0.2    3.7  176.0       2.3  178.0
2016 01 21 07      1.6   7.6   14.4 274.0    -99.9  -99.9      1.6    8.3 275.0       0.2    3.7  177.0       3.2  185.0
2016 01 21 08      1.6   7.6   14.4 274.0    -99.9  -99.9      1.5    8.5 276.0       0.3    3.9  186.0       4.2  181.0
2016 01 21 09      1.5   7.6   14.4 274.0    -99.9  -99.9      1.5    8.6 276.0       0.3    3.9  186.0       3.8  181.0
2016 01 21 10      1.5   7.6   14.3 274.0    -99.9  -99.9      1.5    8.6 276.0       0.3    3.8  186.0       4.5  178.0
2016 01 21 11      1.5   7.5   14.2 274.0    -99.9  -99.9      1.5    8.6 276.0       0.3    3.8  187.0       4.6  170.0
2016 01 21 12      1.5   7.4   14.1 274.0    -99.9  -99.9      1.5    8.5 276.0       0.2    3.6  187.0       2.9  152.0
2016 01 21 13      1.5   7.5   14.0 274.0    -99.9  -99.9      1.5    8.5 275.0       0.2    3.6  188.0       4.0  145.0
2016 01 21 14      1.5   7.5   13.9 274.0    -99.9  -99.9      1.5    8.5 275.0       0.2    3.6  188.0       4.2  137.0
2016 01 21 15      1.5   7.6   13.7 274.0    -99.9  -99.9      1.5    8.5 275.0       0.2    3.6  189.0       4.4  135.0
2016 01 21 16      1.5   7.6   13.6 274.0    -99.9  -99.9      1.5    8.5 275.0       0.2    3.7  190.0       4.8  134.0
2016 01 21 17      1.5   7.6   13.5 274.0    -99.9  -99.9      1.5    8.1 274.0     -99.9  -99.9  -99.9       5.2  123.0
2016 01 21 18      1.5   7.6   13.4 274.0    -99.9  -99.9      1.5    8.1 274.0     -99.9  -99.9  -99.9       4.5  120.0
2016 01 21 19      1.5   7.7   13.4 274.0    -99.9  -99.9      1.5    8.1 274.0     -99.9  -99.9  -99.9       4.3  125.0
2016 01 21 20      1.5   7.6   13.3 274.0    -99.9  -99.9      1.5    8.1 274.0     -99.9  -99.9  -99.9       4.1  132.0
2016 01 21 21      1.5   7.6   13.3 274.0    -99.9  -99.9      1.5    8.0 274.0     -99.9  -99.9  -99.9       4.4  137.0
2016 01 21 22      1.5   7.6   13.2 274.0    -99.9  -99.9      1.5    8.0 274.0     -99.9  -99.9  -99.9       4.3  138.0
2016 01 21 23      1.5   7.6   13.2 274.0    -99.9  -99.9      1.5    8.0 274.0     -99.9  -99.9  -99.9       4.2  124.0
2016 01 22 00      1.5   7.6   13.1 274.0    -99.9  -99.9      1.5    8.0 274.0     -99.9  -99.9  -99.9       5.2   65.0
2016 01 22 01      1.5   7.6   13.1 274.0    -99.9  -99.9      1.5    8.0 274.0     -99.9  -99.9  -99.9       4.0   60.0
2016 01 22 02      1.5   7.6   13.1 274.0    -99.9  -99.9      1.5    8.1 274.0     -99.9  -99.9  -99.9       3.7   57.0
2016 01 22 03      1.5   7.7   13.1 274.0    -99.9  -99.9      1.5    8.1 274.0     -99.9  -99.9  -99.9       3.3   69.0
2016 01 22 04      1.5   7.8   13.1 275.0    -99.9  -99.9      1.5    8.2 275.0     -99.9  -99.9  -99.9       3.7   70.0
2016 01 22 05      1.5   7.8   13.1 275.0    -99.9  -99.9      1.5    8.3 275.0     -99.9  -99.9  -99.9       4.3   69.0
2016 01 22 06      1.5   7.9   13.1 275.0    -99.9  -99.9      1.5    8.3 275.0     -99.9  -99.9  -99.9       4.7   70.0
2016 01 22 07      -99.9   8.0   13.1 275.0    -99.9  -99.9      1.5    8.4 275.0     -99.9  -99.9  -99.9       4.7   75.0
2016 01 22 08      -99.9   8.1   13.0 275.0    -99.9  -99.9      1.5    8.5 275.0     -99.9  -99.9  -99.9       4.8   72.0
2016 01 22 09      -99.9   8.2   13.0 276.0    -99.9  -99.9      1.5    8.5 276.0     -99.9  -99.9  -99.9       4.5   73.0
2016 01 22 10      -99.9   8.2   13.0 276.0    -99.9  -99.9      1.5    8.6 276.0     -99.9  -99.9  -99.9       5.2   67.0
2016 01 22 11      1.5   8.3   13.0 276.0    -99.9  -99.9      1.5    8.6 276.0     -99.9  -99.9  -99.9       5.1   66.0
2016 01 22 12      1.5   8.4   13.0 276.0    -99.9  -99.9      1.5    8.7 276.0     -99.9  -99.9  -99.9       4.4   54.0
2016 01 22 13      1.5   8.4   12.9 276.0    -99.9  -99.9      1.5    8.7 276.0     -99.9  -99.9  -99.9       5.0   67.0
2016 01 22 14      1.5   8.5   12.9 276.0    -99.9  -99.9      1.5    8.8 276.0     -99.9  -99.9  -99.9       4.5   65.0
2016 01 22 15      1.5   8.6   12.9 276.0    -99.9  -99.9      1.5    8.8 276.0     -99.9  -99.9  -99.9       4.1   73.0
2016 01 22 16      1.5   8.6   12.8 276.0    -99.9  -99.9      1.5    8.9 276.0     -99.9  -99.9  -99.9       3.1   58.0
2016 01 22 17      1.5   8.6   12.8 276.0    -99.9  -99.9      1.5    8.9 276.0     -99.9  -99.9  -99.9       1.9   39.0
2016 01 22 18      1.5   8.7   12.8 276.0    -99.9  -99.9      1.5    8.9 276.0     -99.9  -99.9  -99.9       1.8   50.0
2016 01 22 19      1.5   8.8   12.7 276.0    -99.9  -99.9      1.5    9.0 276.0     -99.9  -99.9  -99.9       2.5   30.0
2016 01 22 20      1.5   8.8   12.7 276.0    -99.9  -99.9      1.5    9.0 276.0     -99.9  -99.9  -99.9       3.9   16.0
2016 01 22 21      1.5   8.9   12.7 276.0    -99.9  -99.9      1.5    9.1 276.0     -99.9  -99.9  -99.9       4.4   30.0
2016 01 22 22      1.5   9.0   12.7 277.0    -99.9  -99.9      1.5    9.1 277.0     -99.9  -99.9  -99.9       4.5   40.0
2016 01 22 23      1.5   9.1   12.7 277.0    -99.9  -99.9      1.5    9.2 277.0     -99.9  -99.9  -99.9       4.4   69.0
2016 01 23 00      1.5   9.1   12.7 277.0    -99.9  -99.9      1.5    9.3 277.0     -99.9  -99.9  -99.9       4.7   70.0
2016 01 23 01      1.5   9.2   12.7 277.0    -99.9  -99.9      1.5    9.4 277.0     -99.9  -99.9  -99.9       5.2   77.0
2016 01 23 02      1.5   9.3   12.8 277.0    -99.9  -99.9      1.5    9.4 277.0     -99.9  -99.9  -99.9       6.5   87.0
2016 01 23 03      1.6   9.4   12.8 277.0    -99.9  -99.9      1.6    9.5 277.0     -99.9  -99.9  -99.9       7.2   85.0
2016 01 23 04      1.6   9.5   12.9 277.0    -99.9  -99.9      1.6    9.6 277.0     -99.9  -99.9  -99.9       8.3   88.0
2016 01 23 05      1.6   9.6   12.9 277.0    -99.9  -99.9      1.6    9.7 277.0     -99.9  -99.9  -99.9       8.8   86.0
2016 01 23 06      1.6   9.7   12.9 277.0    -99.9  -99.9      1.6    9.8 277.0     -99.9  -99.9  -99.9       7.1   82.0
2016 01 23 07      1.7   9.8   13.0 277.0    -99.9  -99.9      1.7    9.9 277.0     -99.9  -99.9  -99.9       7.6   86.0
2016 01 23 08      1.7   9.9   13.0 277.0    -99.9  -99.9      1.7    9.9 277.0     -99.9  -99.9  -99.9       7.2   83.0
2016 01 23 09      1.7  10.0   13.0 277.0    -99.9  -99.9      1.7   10.0 277.0     -99.9  -99.9  -99.9       6.7   76.0
2016 01 23 10      1.7  10.1   13.1 277.0    -99.9  -99.9      1.7   10.1 277.0     -99.9  -99.9  -99.9       6.7   79.0
2016 01 23 11      1.7  10.1   13.1 277.0    -99.9  -99.9      1.7   10.2 277.0     -99.9  -99.9  -99.9       6.4   79.0
2016 01 23 12      1.8  10.2   13.1 277.0    -99.9  -99.9      1.8   10.3 277.0     -99.9  -99.9  -99.9       4.9   77.0
2016 01 23 13      1.8  10.3   13.1 277.0    -99.9  -99.9      1.8   10.3 277.0     -99.9  -99.9  -99.9       5.4   76.0
2016 01 23 14      1.8  10.3   13.2 277.0    -99.9  -99.9      1.8   10.4 277.0     -99.9  -99.9  -99.9       4.4   82.0
2016 01 23 15      1.8  10.3   13.2 277.0    -99.9  -99.9      1.8   10.4 277.0     -99.9  -99.9  -99.9       2.8  103.0
2016 01 23 16      1.8  10.2   13.2 277.0    -99.9  -99.9      1.8   10.4 277.0     -99.9  -99.9  -99.9       2.9  117.0
2016 01 23 17      1.8   9.7   13.2 277.0    -99.9  -99.9      1.8   10.4 277.0     -99.9  -99.9  -99.9       3.8  129.0
2016 01 23 18      1.8   8.4   13.2 275.0    -99.9  -99.9      1.8   10.5 277.0       0.3    2.9  171.0       3.5  115.0
2016 01 23 19      1.8   7.7   13.2 273.0    -99.9  -99.9      1.8   10.5 277.0       0.4    3.3  167.0       5.0  111.0
2016 01 23 20      1.9   7.0   13.1 271.0      0.4  134.0      1.7   10.5 276.0       0.4    3.5  178.0       6.9  111.0
2016 01 23 21      1.9   6.3   13.1 266.0      0.8  154.0      1.7   10.5 276.0       0.2    4.9  194.0       8.4  114.0
2016 01 23 22      2.0   5.7   13.1 260.0      0.7  132.0      1.7   10.4 276.0       0.7    4.3  179.0       8.7  114.0
2016 01 23 23      2.1   5.4   13.1 250.0      1.2  150.0      1.7   10.4 276.0     -99.9  -99.9  -99.9       8.9  116.0
2016 01 24 00      2.2   5.3   13.0 237.0      1.4  143.0      1.7   10.5 276.0       0.4    5.9  181.0       8.6  118.0
2016 01 24 01      2.3   5.3   13.0 221.0      1.6  144.0      1.7   10.5 276.0     -99.9  -99.9  -99.9       9.9  120.0
2016 01 24 02      2.5   5.3   12.9 199.0      1.8  140.0      1.6   10.5 276.0     -99.9  -99.9  -99.9      10.2  124.0
2016 01 24 03      2.6   5.4   12.9 184.0      2.0  139.0      1.6   10.5 276.0     -99.9  -99.9  -99.9      10.5  127.0
2016 01 24 04      2.7   5.4   12.8 175.0      2.1  137.0      1.6   10.5 276.0     -99.9  -99.9  -99.9      10.6  127.0
2016 01 24 05      2.7   5.4   12.7 170.0      2.1  135.0      1.6   10.5 276.0     -99.9  -99.9  -99.9      10.8  128.0
2016 01 24 06      2.7   5.4   12.7 168.0      2.1  134.0      1.5   10.5 275.0     -99.9  -99.9  -99.9       8.9  123.0
2016 01 24 07      2.5   5.4   12.6 173.0      2.0  133.0      1.5   10.5 275.0     -99.9  -99.9  -99.9      10.2  124.0
2016 01 24 08      2.5   5.4   12.5 172.0      2.0  133.0      1.5   10.4 275.0     -99.9  -99.9  -99.9      10.5  126.0
2016 01 24 09      2.5   5.3   12.5 169.0      2.0  133.0      1.5   10.4 275.0     -99.9  -99.9  -99.9      10.5  129.0
2016 01 24 10      2.5   5.3   12.4 166.0      2.0  133.0      1.5   10.4 275.0     -99.9  -99.9  -99.9      10.7  130.0
2016 01 24 11      2.5   5.3   12.4 164.0      2.0  133.0      1.5   10.4 275.0     -99.9  -99.9  -99.9      10.4  128.0
2016 01 24 12      2.5   5.3   12.4 166.0      1.9  131.0      1.4   10.3 275.0       0.4    7.8  164.0       8.3  127.0
2016 01 24 13      2.3   5.3   12.3 174.0      1.8  132.0      1.4   10.2 275.0       0.4    7.8  164.0       8.5  126.0
2016 01 24 14      2.2   5.3   12.3 178.0      1.7  133.0      1.4   10.2 274.0     -99.9  -99.9  -99.9       8.6  130.0
2016 01 24 15      2.2   5.3   12.2 182.0      1.6  134.0      1.4   10.1 274.0     -99.9  -99.9  -99.9       8.9  131.0
2016 01 24 16      2.1   5.3   12.2 183.0      1.6  134.0      1.4   10.0 274.0     -99.9  -99.9  -99.9       9.2  135.0
2016 01 24 17      2.1   5.2   12.2 182.0      1.6  135.0      1.3    9.9 274.0     -99.9  -99.9  -99.9       9.1  139.0
2016 01 24 18      2.1   5.2   12.1 180.0      1.6  136.0      1.3    9.9 273.0     -99.9  -99.9  -99.9       8.0  138.0
2016 01 24 19      2.0   5.2   12.1 180.0      1.6  136.0      1.3    9.8 273.0     -99.9  -99.9  -99.9       9.4  131.0
2016 01 24 20      2.1   5.1   12.1 174.0      1.6  135.0      1.2    9.8 273.0     -99.9  -99.9  -99.9       9.5  129.0
2016 01 24 21      2.1   5.1   12.1 169.0      1.7  134.0      1.2    9.7 273.0     -99.9  -99.9  -99.9       9.8  129.0
2016 01 24 22      2.1   5.0   12.1 165.0      1.7  134.0      1.2    9.7 273.0     -99.9  -99.9  -99.9       9.9  132.0
2016 01 24 23      2.1   5.0    6.2 163.0      1.7  134.0      1.2    9.7 272.0     -99.9  -99.9  -99.9       9.3  132.0
2016 01 25 00      2.1   5.0    6.2 162.0      1.7  134.0      1.1    9.7 272.0     -99.9  -99.9  -99.9       8.8  130.0
2016 01 25 01      2.0   5.0    6.2 163.0      1.6  134.0      1.1    9.7 272.0     -99.9  -99.9  -99.9       9.5  131.0
2016 01 25 02      2.0   4.9    6.1 163.0      1.6  133.0      1.1    9.6 272.0     -99.9  -99.9  -99.9       9.1  131.0
2016 01 25 03      2.0   4.9    6.0 162.0      1.6  133.0      1.1    9.6 271.0     -99.9  -99.9  -99.9       9.1  128.0
2016 01 25 04      2.0   5.0    6.1 161.0      1.6  133.0      1.1    9.6 271.0     -99.9  -99.9  -99.9       9.4  127.0
2016 01 25 05      2.0   5.0    6.2 161.0      1.6  133.0      1.1    9.5 271.0     -99.9  -99.9  -99.9       8.9  123.0
2016 01 25 06      2.0   5.1    6.3 164.0      1.6  131.0      1.1    9.5 270.0       0.3    7.8  162.0       7.1  118.0
2016 01 25 07      2.0   5.2    6.4 172.0      1.5  133.0      1.2    9.5 270.0     -99.9  -99.9  -99.9       8.1  119.0
2016 01 25 08      1.9   5.2   12.0 180.0      1.5  132.0      1.2    9.5 269.0     -99.9  -99.9  -99.9       9.2  120.0
2016 01 25 09      2.0   5.2   12.0 184.0      1.5  132.0      1.3    9.5 269.0     -99.9  -99.9  -99.9       9.8  125.0
2016 01 25 10      2.1   5.2   12.1 184.0      1.6  132.0      1.3    9.5 268.0     -99.9  -99.9  -99.9       9.5  127.0
2016 01 25 11      2.2   5.3   12.1 186.0      1.6  133.0      1.4    9.6 267.0     -99.9  -99.9  -99.9       8.2  133.0
2016 01 25 12      2.2   5.4   12.2 197.0      1.6  134.0      1.1   11.9 276.0       1.0    8.2  257.0       8.2  136.0
2016 01 25 13      2.2   5.5   12.2 207.0      1.5  134.0      1.6    9.7 266.0     -99.9  -99.9  -99.9       8.3  139.0
2016 01 25 14      2.2   5.7   12.2 218.0      1.5  134.0      1.6    9.7 266.0     -99.9  -99.9  -99.9       7.3  142.0
2016 01 25 15      2.2   5.8   12.1 229.0      1.4  134.0      1.7    9.7 265.0     -99.9  -99.9  -99.9       6.5  155.0
2016 01 25 16      2.2   6.0   12.1 238.0    -99.9  -99.9      1.8    9.7 265.0       1.2    4.6  134.0       6.0  170.0
2016 01 25 17      2.2   6.2   12.1 245.0    -99.9  -99.9      1.8    9.6 265.0       1.1    4.5  134.0       5.8  178.0
2016 01 25 18      2.2   6.5   12.1 249.0    -99.9  -99.9      1.9    9.6 264.0       1.0    4.5  134.0       5.7  168.0
2016 01 25 19      2.2   6.7   12.1 253.0    -99.9  -99.9      1.9    9.6 264.0       0.9    4.4  134.0       5.7  189.0
2016 01 25 20      2.1   6.9   12.0 255.0    -99.9  -99.9      1.9    9.6 264.0       0.9    4.3  134.0       4.9  258.0
2016 01 25 21      2.1   7.2   12.0 257.0    -99.9  -99.9      2.0    9.6 264.0       0.8    4.3  132.0       4.3  278.0
2016 01 25 22      2.1   7.6   12.0 259.0    -99.9  -99.9      2.0    9.5 264.0       0.6    4.2  131.0       6.4  300.0
2016 01 25 23      2.0   7.8   12.0 261.0    -99.9  -99.9      2.0    9.4 264.0       0.6    4.2  130.0       6.2  306.0
2016 01 26 00      2.0   7.9   12.0 262.0      0.1  289.0      2.0    9.5 264.0       0.5    4.1  129.0       5.9  306.0
2016 01 26 01      2.0   7.6   11.9 262.0      0.2  287.0      2.0    9.4 264.0       0.4    4.0  129.0       6.2  316.0
2016 01 26 02      2.0   7.5   11.9 263.0      0.2  292.0      1.4   11.8 275.0       1.3    8.0  251.0       6.0  335.0
2016 01 26 03      2.0   7.6   11.9 264.0    -99.9  -99.9      1.4   11.9 275.0       1.3    8.0  251.0       5.4  344.0
2016 01 26 04      2.0   7.7   11.9 264.0    -99.9  -99.9      1.4   11.9 275.0       1.3    7.9  251.0       4.7  345.0
2016 01 26 05      2.0   7.9   11.9 264.0    -99.9  -99.9      1.4   11.9 275.0       1.3    7.7  251.0       4.6  342.0
2016 01 26 06      2.0   8.0   11.9 265.0    -99.9  -99.9      1.4   11.9 275.0       1.3    7.1  253.0       5.2  334.0
2016 01 26 07      1.9   8.0   11.9 265.0    -99.9  -99.9      1.4   11.9 275.0       1.3    7.2  253.0       4.7  342.0
2016 01 26 08      1.9   8.1   11.9 265.0    -99.9  -99.9      1.9    9.0 265.0       0.2    3.5  125.0       4.2  335.0
2016 01 26 09      1.9   8.2   11.9 266.0    -99.9  -99.9      1.9    9.0 266.0       0.1    3.5  124.0       4.3  326.0
2016 01 26 10      1.9   8.3   11.9 266.0    -99.9  -99.9      1.9    9.0 266.0       0.1    3.4  124.0       4.4  321.0
2016 01 26 11      1.9   8.4   11.9 266.0    -99.9  -99.9      1.9    9.0 266.0     -99.9  -99.9  -99.9       4.5  329.0
2016 01 26 12      1.9   8.4   11.9 267.0    -99.9  -99.9      1.9    9.0 267.0     -99.9  -99.9  -99.9       4.0  334.0
2016 01 26 13      1.9   8.5   11.9 267.0    -99.9  -99.9      1.8    9.1 267.0     -99.9  -99.9  -99.9       3.5  332.0
2016 01 26 14      1.8   8.7   11.9 267.0    -99.9  -99.9      1.8    9.1 267.0     -99.9  -99.9  -99.9       3.3  321.0
2016 01 26 15      1.8   8.8   11.9 267.0    -99.9  -99.9      1.8    9.1 267.0     -99.9  -99.9  -99.9       2.8  322.0
2016 01 26 16      1.8   8.9   11.9 268.0    -99.9  -99.9      1.8    9.1 268.0     -99.9  -99.9  -99.9       2.3  292.0
2016 01 26 17      1.8   8.9   11.9 268.0    -99.9  -99.9      1.8    9.1 268.0     -99.9  -99.9  -99.9       3.1  268.0
2016 01 26 18      1.8   8.9   11.9 268.0    -99.9  -99.9      1.8    9.1 268.0     -99.9  -99.9  -99.9       3.7  256.0
2016 01 26 19      1.7   8.9   11.9 268.0    -99.9  -99.9      1.7    9.1 268.0     -99.9  -99.9  -99.9       4.3  270.0
2016 01 26 20      1.7   8.9   11.9 269.0    -99.9  -99.9      1.7    9.1 269.0     -99.9  -99.9  -99.9       4.0  269.0
2016 01 26 21      1.7   8.9   11.9 269.0    -99.9  -99.9      1.7    9.1 269.0     -99.9  -99.9  -99.9       4.3  277.0
2016 01 26 22      1.7   8.8   11.9 269.0    -99.9  -99.9      1.7    9.1 269.0     -99.9  -99.9  -99.9       3.5  293.0
2016 01 26 23      1.6   8.8   11.9 269.0    -99.9  -99.9      1.6    9.5 269.0       0.2    3.4  285.0       3.5  323.0
2016 01 27 00      1.6   8.7   11.9 270.0    -99.9  -99.9      1.6    9.5 269.0       0.2    3.5  283.0       2.3  295.0
2016 01 27 01      1.6   8.5   11.9 270.0    -99.9  -99.9      1.6    9.6 269.0       0.3    3.6  282.0       3.2  327.0
2016 01 27 02      1.6   8.4   11.8 270.0    -99.9  -99.9      1.3   10.9 277.0       0.9    7.9  255.0       3.7  337.0
2016 01 27 03      1.6   8.3   11.8 270.0    -99.9  -99.9      1.2   10.9 277.0       0.9    7.9  255.0       4.1  341.0
2016 01 27 04      1.5   8.3   11.8 270.0    -99.9  -99.9      1.2   10.9 278.0       0.9    7.8  255.0       4.0  347.0
2016 01 27 05      1.5   8.3   11.7 270.0    -99.9  -99.9      1.2   10.9 278.0       0.9    7.7  256.0       3.6    0.0
2016 01 27 06      1.5   8.4   11.7 270.0    -99.9  -99.9      1.5    9.4 270.0       0.2    3.6  282.0       3.5   11.0
2016 01 27 07      1.5   8.4   11.6 270.0    -99.9  -99.9      1.5    8.7 270.0     -99.9  -99.9  -99.9       3.4   18.0
2016 01 27 08      1.5   8.5   11.6 271.0    -99.9  -99.9      1.4    8.8 271.0     -99.9  -99.9  -99.9       2.7   36.0
2016 01 27 09      1.4   8.5   11.5 271.0    -99.9  -99.9      1.4    8.8 271.0     -99.9  -99.9  -99.9       2.9   50.0
2016 01 27 10      1.4   8.6   11.5 271.0    -99.9  -99.9      1.4    8.8 271.0     -99.9  -99.9  -99.9       2.8   59.0
2016 01 27 11      1.4   8.6   11.4 271.0    -99.9  -99.9      1.4    8.9 271.0     -99.9  -99.9  -99.9       3.3   65.0
2016 01 27 12      1.4   8.7   11.4 271.0    -99.9  -99.9      1.4    8.9 271.0     -99.9  -99.9  -99.9       3.1   61.0
2016 01 27 13      1.4   8.8   11.4 272.0    -99.9  -99.9      1.3    8.9 272.0     -99.9  -99.9  -99.9       2.5   68.0
2016 01 27 14      1.3   8.8   11.4 272.0    -99.9  -99.9      1.3    8.8 271.0       0.3   16.1  290.0       1.7   53.0
2016 01 27 15      1.3   8.9   11.3 272.0    -99.9  -99.9      1.3    8.8 271.0       0.3   16.1  290.0       1.3   34.0
2016 01 27 16      1.3   8.9   11.3 273.0    -99.9  -99.9      1.2    8.7 270.0       0.5   15.3  289.0       1.4   65.0
2016 01 27 17      1.3   9.0   11.3 273.0    -99.9  -99.9      1.2    8.7 271.0       0.5   15.3  288.0       0.8   58.0
2016 01 27 18      1.3   9.1   11.3 274.0    -99.9  -99.9      1.2    8.7 271.0       0.5   15.3  288.0       2.0  311.0
2016 01 27 19      1.3   9.2   11.3 274.0    -99.9  -99.9      1.2    8.7 271.0       0.6   15.3  288.0       2.5  313.0
2016 01 27 20      1.3   9.3   11.3 275.0    -99.9  -99.9      1.2    8.7 271.0       0.6   15.3  287.0       2.2  322.0
2016 01 27 21      1.3   9.4   11.3 275.0    -99.9  -99.9      1.2    8.7 272.0       0.6   15.3  287.0       1.9  335.0
2016 01 27 22      1.3   9.5   11.3 276.0    -99.9  -99.9      1.1    8.5 272.0       0.7   14.6  286.0       2.0  326.0
2016 01 27 23      1.4   9.6   11.3 276.0    -99.9  -99.9      1.1    8.4 271.0       0.7   14.2  287.0       1.7  338.0
2016 01 28 00      1.4   9.7   15.0 276.0    -99.9  -99.9      1.1    8.4 271.0       0.8   14.6  285.0       2.1    4.0
2016 01 28 01      1.4   9.8   14.9 277.0    -99.9  -99.9      1.0    8.1 271.0       0.9   14.1  283.0       2.5   18.0
2016 01 28 02      1.4   9.9   14.9 277.0    -99.9  -99.9      1.0    8.1 271.0       1.0   14.2  283.0       2.8   24.0
2016 01 28 03      1.4  10.0   14.9 277.0    -99.9  -99.9      1.0   14.2 283.0       1.0    8.1  272.0       2.8   33.0
2016 01 28 04      1.4  10.0   14.8 278.0    -99.9  -99.9      1.4   10.1 278.0     -99.9  -99.9  -99.9       3.3   29.0
2016 01 28 05      1.4  10.1   14.8 278.0    -99.9  -99.9      1.4   10.1 278.0     -99.9  -99.9  -99.9       3.5   26.0
2016 01 28 06      1.5  10.2   14.7 278.0    -99.9  -99.9      1.5   10.2 278.0     -99.9  -99.9  -99.9       2.6   36.0
2016 01 28 07      1.5  10.2   14.7 278.0    -99.9  -99.9      1.5   10.2 278.0     -99.9  -99.9  -99.9       2.8   50.0
2016 01 28 08      1.5  10.3   14.6 278.0    -99.9  -99.9      1.5   10.3 278.0     -99.9  -99.9  -99.9       2.2   76.0
2016 01 28 09      1.5  10.3   14.6 278.0    -99.9  -99.9      1.5   10.3 278.0     -99.9  -99.9  -99.9       1.8   60.0
2016 01 28 10      1.5  10.3   14.5 278.0    -99.9  -99.9      1.5   10.3 278.0     -99.9  -99.9  -99.9       3.2   76.0
2016 01 28 11      1.5  10.3   14.4 279.0    -99.9  -99.9      1.5   10.3 279.0     -99.9  -99.9  -99.9       3.3   83.0
2016 01 28 12      1.5  10.3   14.4 279.0    -99.9  -99.9      1.5   10.4 279.0     -99.9  -99.9  -99.9       2.6  101.0
2016 01 28 13      1.5  10.3   14.3 279.0    -99.9  -99.9      1.5   10.4 279.0     -99.9  -99.9  -99.9       1.4   74.0
2016 01 28 14      1.5  10.3   14.2 279.0    -99.9  -99.9      1.5   10.3 279.0     -99.9  -99.9  -99.9       0.9   21.0
2016 01 28 15      1.5  10.3   14.1 279.0    -99.9  -99.9      1.5   10.3 279.0     -99.9  -99.9  -99.9       1.4    4.0
2016 01 28 16      1.5  10.3   14.0 279.0    -99.9  -99.9      1.5   10.3 279.0     -99.9  -99.9  -99.9       1.8  345.0
2016 01 28 17      1.5  10.3   13.9 278.0    -99.9  -99.9      1.5   10.3 278.0     -99.9  -99.9  -99.9       2.6  350.0
2016 01 28 18      1.5  10.2   13.8 278.0    -99.9  -99.9      1.5   10.2 278.0     -99.9  -99.9  -99.9       1.6  352.0
2016 01 28 19      1.5  10.2   13.7 278.0    -99.9  -99.9      1.5   10.2 278.0     -99.9  -99.9  -99.9       2.4  332.0
2016 01 28 20      1.5  10.1   13.7 278.0    -99.9  -99.9      1.5   10.1 278.0     -99.9  -99.9  -99.9       2.4  335.0
2016 01 28 21      1.5  10.1   13.6 278.0    -99.9  -99.9      1.5   10.1 278.0     -99.9  -99.9  -99.9       3.6  327.0
2016 01 28 22      1.5  10.0   13.5 278.0    -99.9  -99.9      1.5   10.0 278.0     -99.9  -99.9  -99.9       4.3  334.0
2016 01 28 23      1.5   9.9   13.5 278.0    -99.9  -99.9      1.5    9.9 278.0     -99.9  -99.9  -99.9       4.6  338.0
2016 01 29 00      1.5   9.8   13.4 278.0    -99.9  -99.9      1.5    9.8 278.0     -99.9  -99.9  -99.9       3.9  357.0
2016 01 29 01      1.5   9.8   13.4 278.0    -99.9  -99.9      1.5    9.8 278.0     -99.9  -99.9  -99.9       5.2  352.0
2016 01 29 02      1.5   9.7   13.3 278.0    -99.9  -99.9      1.5    9.6 278.0     -99.9  -99.9  -99.9       7.0    2.0
2016 01 29 03      1.5   9.6   13.2 278.0    -99.9  -99.9      1.5    9.5 278.0       0.1   20.5  288.0       7.4   11.0
2016 01 29 04      1.5   9.5   13.2 278.0    -99.9  -99.9      1.5    9.4 278.0       0.1   20.4  288.0       6.4   14.0
2016 01 29 05      1.6   9.4   13.1 278.0    -99.9  -99.9      1.6    9.4 278.0       0.1   20.4  288.0       5.5   12.0
2016 01 29 06      1.6   9.3   13.0 278.0    -99.9  -99.9      1.6    9.3 278.0     -99.9  -99.9  -99.9       6.7   11.0
2016 01 29 07      1.6   9.2   12.9 278.0    -99.9  -99.9      1.6    9.2 278.0     -99.9  -99.9  -99.9       6.5   19.0
2016 01 29 08      1.6   9.1   12.9 278.0    -99.9  -99.9      1.6    9.1 278.0     -99.9  -99.9  -99.9       6.4   29.0
2016 01 29 09      1.6   9.1   12.8 278.0    -99.9  -99.9      1.6    9.1 278.0     -99.9  -99.9  -99.9       6.1   27.0
2016 01 29 10      1.6   8.9   12.7 278.0    -99.9  -99.9      1.6    9.0 278.0     -99.9  -99.9  -99.9       5.7   26.0
2016 01 29 11      1.5   8.8   12.7 278.0    -99.9  -99.9      1.5    8.9 278.0     -99.9  -99.9  -99.9       5.0   14.0
2016 01 29 12      1.5   8.7   12.6 278.0    -99.9  -99.9      1.5    8.8 278.0     -99.9  -99.9  -99.9       5.2    7.0
2016 01 29 13      1.5   8.5   12.6 278.0    -99.9  -99.9      1.5    8.7 278.0     -99.9  -99.9  -99.9       4.8  359.0
2016 01 29 14      1.4   8.4   12.6 278.0    -99.9  -99.9      1.4    8.7 278.0     -99.9  -99.9  -99.9       4.4  356.0
2016 01 29 15      1.4   8.3   12.6 278.0    -99.9  -99.9      1.4    8.6 278.0     -99.9  -99.9  -99.9       4.6  350.0
2016 01 29 16      1.4   8.1   12.6 278.0    -99.9  -99.9      1.4    8.6 278.0     -99.9  -99.9  -99.9       4.6  347.0
2016 01 29 17      1.4   7.9   12.6 278.0    -99.9  -99.9      1.4    8.5 278.0     -99.9  -99.9  -99.9       5.0  336.0
2016 01 29 18      1.3   7.7   12.6 278.0    -99.9  -99.9      1.3    8.5 278.0     -99.9  -99.9  -99.9       4.5  331.0
2016 01 29 19      1.3   7.4   12.5 278.0    -99.9  -99.9      1.3    8.4 278.0     -99.9  -99.9  -99.9       5.4  329.0
2016 01 29 20      1.3   7.0   12.5 279.0    -99.9  -99.9      1.3    8.5 279.0     -99.9  -99.9  -99.9       5.9  338.0
2016 01 29 21      1.3   6.6   12.5 279.0      0.1  315.0      1.3    8.6 278.0     -99.9  -99.9  -99.9       5.6  346.0
2016 01 29 22      1.3   6.2   12.4 279.0    -99.9  -99.9      1.2    8.9 279.0       0.2    2.9  299.0       5.4  359.0
2016 01 29 23      1.3   6.0   12.4 280.0    -99.9  -99.9      1.2    9.4 279.0       0.4    3.2  286.0       7.5   20.0
2016 01 31 00      1.1   6.3   15.2 284.0      0.2  315.0      0.8    7.9 278.0       0.8   14.7  290.0       7.9  347.0
2016 01 31 01      1.2   4.6   15.1 287.0      0.4  313.0      0.8    8.5 278.0       0.8   14.7  290.0       8.5  355.0
2016 01 31 02      1.4   4.0   15.0 294.0      0.8  316.0      0.8   13.9 288.0       0.7    8.4  277.0       9.2  357.0
2016 01 31 03      1.6   4.0   14.9 301.0      1.2  320.0      0.8   13.9 288.0       0.7    8.8  277.0       9.0    1.0
2016 01 31 04      1.8   4.1   14.9 307.0      1.4  322.0      0.8   13.5 289.0       0.6    8.8  276.0       8.9    3.0
2016 01 31 05      1.9   4.2    4.7 309.0      0.8   14.0      1.3    4.4 306.0       0.8   13.5  289.0       8.9    6.0
2016 01 31 06      1.9   4.3   14.7 309.0      1.0    6.0      1.2    4.6 294.0       0.8   13.2  289.0       9.1    8.0
2016 01 31 07      1.8   4.4   14.6 311.0      1.0    7.0      1.1    4.7 296.0       0.8   13.1  289.0       9.2    5.0
2016 01 31 08      1.8   4.4   14.6 313.0      1.0    6.0      1.1    4.7 300.0       0.8   13.1  289.0       9.0    3.0
2016 01 31 09      1.8   4.4   14.5 315.0      1.0    6.0      1.0    4.7 305.0       0.8   13.0  289.0       7.7    5.0
2016 01 31 10      1.7   4.4   14.4 313.0      1.3  335.0      0.8   12.9 289.0       0.6    9.0  274.0       7.0   13.0
2016 01 31 11      1.6   4.5   14.3 311.0      1.2  336.0      0.8   12.7 289.0       0.6    8.7  274.0       6.1   16.0
2016 01 31 12      1.5   4.6   14.1 308.0      0.7    6.0      0.8   12.6 289.0       0.8    4.5  311.0       6.4    3.0
2016 01 31 13      1.4   4.7   13.9 304.0      0.9  342.0      0.8   12.5 289.0       0.7    6.5  274.0       6.2    1.0
2016 01 31 14      1.3   4.7   13.8 301.0      0.8  343.0      0.8   12.5 289.0       0.7    6.5  274.0       6.5    3.0
2016 01 31 15      1.3   4.8   13.6 299.0      0.6  349.0      0.8   12.4 289.0       0.6    6.6  274.0       5.6    1.0
2016 01 31 16      1.2   5.0   13.5 296.0      0.6  345.0      1.0    8.8 283.0     -99.9  -99.9  -99.9       4.7  343.0
2016 01 31 17      1.2   5.2   13.4 293.0      0.5  347.0      1.0    8.5 284.0     -99.9  -99.9  -99.9       5.2  325.0
2016 01 31 18      1.1   5.5   13.4 290.0    -99.9  -99.9      1.0    9.0 284.0       0.4    3.4  346.0       4.6  320.0
2016 01 31 19      1.1   5.9   13.3 288.0      0.3  348.0      1.0    9.1 284.0       0.2    3.6  296.0       4.7  324.0
2016 01 31 20      1.0   6.1   13.2 287.0      0.3  325.0      1.0    9.7 284.0     -99.9  -99.9  -99.9       5.2  322.0
2016 01 31 21      1.0   6.1   13.2 286.0      0.2  351.0      1.0    9.8 284.0       0.2    3.3  291.0       4.9  332.0
2016 01 31 22      1.0   6.1   13.1 286.0      0.2  350.0      1.0    9.8 284.0       0.2    3.3  292.0       4.6  355.0
2016 01 31 23      1.0   6.0   13.1 286.0      0.2  352.0      1.0    9.8 284.0       0.2    3.3  293.0       5.7    8.0
